00001100000000000000000000000100
00001100000000000000000001010010
00001100000000000000000000110101
00001000000000000000000010000101
00100000000100000000000100000000
00100000000100010000000100000000
00000011111000000000000000001000
10101110001001000000000000000000
00100010001100010000000000000100
00000011111000000000000000001000
10001110000000100000000000000000
00100010000100000000000000000100
00000011111000000000000000001000
00000010001100000001000000100010
00000011111000000000000000001000
00000000100001000001000000100000
00000000010000100001000000100000
00000011111000000000000000001000
00000000100001000001000000100000
00000000010000100001000000100000
00000000010000100001000000100000
00000011111000000000000000001000
00000000000111111100100000100000
00001100000000000000000000010010
00000000010001010010000000100000
00001100000000000000000000001111
10101100010001100000000000000000
00000011001000000000000000001000
00000000000111111100100000100000
00001100000000000000000000010010
00000000010001010010000000100000
00001100000000000000000000001111
10001100010000100000000000000000
00000011001000000000000000001000
00000000000111111100000000100000
00100000000010001111111111111111
00010001000001000000000000001111
00010001000001010000000000001110
00100000000010000000000000001000
00010001000001000000000000001100
00010001000001010000000000001011
00000000000001000101100000100000
00000000000001010110000000100000
00001100000000000000000000011100
00010100000000100000000000000111
00000000000010110010000000100000
00001100000000000000000000000111
00000000000011000010000000100000
00001100000000000000000000000111
00000000000010110010000000100000
00000000000011000010100000100000
00001100000000000000000000010110
00000011000000000000000000001000
00000000000111110111100000100000
00100000000001100000000000000010
00100000000001000000000000000000
00100000000001010000000000000000
00001100000000000000000000100010
00100000110001100000000000000001
00001100000000000000000000001101
00010000000000100000000000010100
00000000000000101001000000100000
00100010010100101111111111111000
00001100000000000000000000001010
00000000000000101001100000100000
00001100000000000000000000001010
00000000000000101010000000100000
00100010011001001111111111111111
00100010100001010000000000000000
00001100000000000000000000100010
00100010011001000000000000000001
00100010100001010000000000000000
00001100000000000000000000100010
00100010011001000000000000000000
00100010100001011111111111111111
00001100000000000000000000100010
00100010011001000000000000000000
00100010100001010000000000000001
00001100000000000000000000100010
00010100000100101111111111101110
00001000000000000000000000111010
00000001111000000000000000001000
00000000000111110111100000100000
00100000000001010000000000001000
00100000000001100000000000000001
00100000101001011111111111111111
00100000000001000000000000000010
00001100000000000000000000010110
00100000000001000000000000000100
00001100000000000000000000010110
00100000000001000000000000000101
00001100000000000000000000010110
00100000000001000000000000000110
00001100000000000000000000010110
00010100000001011111111111110110
00100000000001000000000000000111
00100000000001010000000000000011
00001100000000000000000000010110
00100000000001100000000000000000
00100000000001000000000000000010
00100000000001010000000000000111
00001100000000000000000000010110
00100000000001000000000000000100
00100000000001010000000000000010
00001100000000000000000000010110
00100000000001000000000000000101
00100000000001010000000000000010
00001100000000000000000000010110
00100000000001000000000000000110
00100000000001010000000000000010
00001100000000000000000000010110
00100000000001000000000000000101
00100000000001010000000000000000
00001100000000000000000000010110
00100000000001000000000000000101
00100000000001010000000000000100
00001100000000000000000000010110
00100000000001000000000000000101
00100000000001010000000000000101
00001100000000000000000000010110
00100000000001000000000000000101
00100000000001010000000000000110
00001100000000000000000000010110
00100000000001000000000000000101
00100000000001010000000000000111
00001100000000000000000000010110
00100000000001000000000000000100
00100000000001010000000000000110
00001100000000000000000000010110
00100000000001000000000000000110
00100000000001010000000000000110
00001100000000000000000000010110
00000001111000000000000000001000