00100000000110000000000000000001
00100000000010100000000000001010
00100000000011001111111111111111
00100000000011010000000000001010
00100000000011100000000000000001
00100001100011000000000000000001
00010001010011000000000000001001
00100000000100110000000000000000
00000010011011001001100000100000
00000010011011001001100000100000
00000010011011001001100000100000
00000010011011001001100000100000
10101110011011010000000000000000
10101110011011010000000000110000
00000001101011100110100000100010
00001000000000000000000000000101
00100001010010101111111111111111
00100000000010001111111111111111
00100001000010000000000000000001
00010001010010000000000000010110
00100000000010011111111111111111
00100000000100100000000000001001
00000010010010001001000000100010
00100001001010010000000000000001
00010010010010010000000000010000
00100000000100110000000000000000
00000010011010011001100000100000
00000010011010011001100000100000
00000010011010011001100000100000
00000010011010011001100000100000
00000000000100111010000000100000
00100010100101000000000000000100
10001110011100000000000000110000
10001110100100010000000000110000
00000010001100001010100000101010
00010011000101010000000000000001
00001000000000000000000000010111
00000000000100001100100000100000
10101110011100010000000000110000
10101110100110010000000000110000
00001000000000000000000000010111
00001000000000000000000000010010
00100001000010000000000000000000