00100000000110000000000000000001
00100000000010100000000000000001
00100000000001010000000001100100
00001000000000000000000000010101
00110000000110010000000000000000
00110000000010110000000000000000
00010011001010010000000000000101
00000011000110011100100000100000
00000001010010110101100000100000
00000001011010100110100000101010
00010100000011010000000000010001
00001000000000000000000000000110
00100001011010100000000000000000
00000011111000000000000000001000
00100000000011000000000000000000
00000001001011000110000000100000
00000001001011000110000000100000
00000001001011000110000000100000
00000001001011000110000000100000
10101101100010100000000000000000
00000011111000000000000000001000
00000001001001010110100000101010
00010111000011010000000000000100
00000001001110000100100000100000
00001100000000000000000000000100
00001100000000000000000000001110
00001000000000000000000000010101
